11
0 0 3 0
1 0 2 0 1 1
2 0 2 -1 3 -1
2 1 3 1 2 2
0 0 100 0
10 0 15 0 10 1
20 0 25 0 20 -1
30 0 35 0 30 1
0 0 100 0
10 0 15 0 10 1
20 0 15 0 20 -1
30 0 35 0 30 1
0 0 100 0
10 2 15 2 10 1
20 -2 15 -2 20 -1
30 2 35 2 30 1
0 0 100 0
10 2 15 2 10 0
20 -2 15 -2 20 -1
10 2 15 2 10 0
0 0 100 0
10 -2 15 -2 10 0
20 -2 15 -2 20 -1
10 2 15 2 10 0
0 0 100 0
10 -20 15 -20 10 0
20 -2 20 2 25 0
10 20 15 20 10 0
0 0 10 0
10 -20 15 -20 10 0
20 -2 20 2 25 0
10 20 15 20 10 0
0 0 100 0
15 5 10 -20 5 -20
15 5 20 -20 25 -20
10 20 15 20 10 0
50 0 100 0
15 5 10 -20 5 -20
15 5 20 -20 25 -20
10 20 15 20 10 10
0 0 100 0
15 5 10 -20 5 -20
15 5 20 -20 25 -20
10 20 15 20 10 10


